0.269409671708898
0.192929812886172
0.251919243915314
0.29196240053821
0.300060466723323
0.294579994089346
0.283983019894944
0.271941378348072
0.259993036172526
0.248727489151036
0.238323718269665
0.22879299517301
0.220085388273055
0.212134345085981
0.204873998812043
0.198244937606734
0.192195361375185
0.186680565928724
0.181661948258534
0.177105985740375
0.172983339056256
0.169268111088503
0.165937252525021
0.162970093245618
0.160347977829021
0.158053986196072
0.156072723718408
0.154390168101883
0.152993562824385
0.151871348840221
0.151013127783066
0.150409651085043
0.150052830340316
0.149935764991878
0.150052783996225
0.150399498602854
0.150972863775089
0.151771246103753
0.152794496349304
0.154044024972639
0.155522879216469
0.157235820486844
0.159189400921128
0.16139203817268
0.163854087561262
0.166587910844327
0.169607940968235
0.172930742242837
0.176575065483359
0.180561897744998
0.184914506364419
0.189658477117834
0.19482174639723
0.200434627406767
0.206529830479754
0.213142477716257
0.22031011223083
0.228072702367758
0.236472641276093
0.245554742208176
0.255366229781077
0.265956727171216
0.277378238728975
0.289685126703107
0.302934079520451
0.317184067187267
0.332496276592689
0.348934015432465
0.366562567597447
0.38544897442571
0.405661704107613
0.427270154174789
0.450343907087523
0.474951623059785
0.501159402389713
0.529028374167042
0.558611157970209
0.589946682836922
0.623052607074148
0.657914222829405
0.694468187939822
0.732578606543093
0.772001726477152
0.812333597446006
0.852932071261554
0.892799967612542
0.930409273099541
0.963435851375299
0.988359367021186
0.999864471012704
0.989963463035202
0.946776133781687
0.853054103469763
0.6852454331296
0.417689064444006
-0.220646958714812
-1.43124460989252
-2.89264296837506
-3.97248983133513
-4.98122451558313
-5.74698281737262
-6.13890499484456
-6.17336216202771
-5.95901256062872
-5.61003626421825
-5.21005223423035
-4.80871468164324
-4.43096389881592
-4.08687546415601
-3.77858666563912
-3.5044215305628
-3.26113204888334
-3.04503666628109
-2.85255809995149
-2.68044895450431
-2.52586180629569
-2.38634600249954
-2.25981320754066
-2.14449253150778
-2.03888509431906
-1.94172229061057
-1.85192924550047
-1.76859363053111
-1.69093942960291
-1.61830503505704
-1.55012502180137
-1.48591499394727
-1.42525897435285
-1.36779888883362
-1.31322577283592
-1.26127239496197
-1.21170704800808
-1.16432830473948
-1.11896057365384
-1.07545032080343
-1.03366284858995
-0.993479542449255
-0.954795512413488
-0.917517569457368
-0.881562486950045
-0.846855505924016
-0.813329049678097
-0.780921618743521
-0.749576841749128
-0.719242661417517
-0.689870637953901
-0.661415354621251
-0.633833912390788
-0.607085502314677
-0.581131045757664
-0.555932893875626
-0.531454578801681
-0.507660609908187
-0.484516309294499
-0.461987681317438
-0.440041311547772
-0.418644291013776
-0.397764162013254
-0.377368882110841
-0.357426803206066
-0.337906662807389
-0.318777584812242
-0.300009087226315
-0.281571094341523
-0.263433950951958
-0.245568436178633
-0.227945774457637
-0.2105376411588
-0.19331616017301
-0.176253890649199
-0.159323799786413
-0.142499218276223
-0.125753774539533
-0.109061303330992
-0.0923957235252748
-0.0757308788798448
-0.0590403342579793
-0.042297118071424
-0.0254733994944893
-0.00854008627118752
0.00853367399106475
0.0257811084097747
0.0432385675041257
0.0609464138715685
0.0789500146704146
0.0973006837244487
0.116056115786625
0.135279115236033
0.155031677312928
0.175357496817866
0.196237156090397
0.217481257008627
0.238486657873017
0.257695038757869
0.271395185454949
0.271032072731752
0.238039830318773
0.185301873260766
0.26605048084899
