VARIABLES= "X", "Y", "Phi", "u", "v", "Cp"
 4.07037e-01 -9.43367e-02  4.09824e-01  1.00881e+00  3.39634e-02 -2.18095e-02
 4.23623e-01 -5.70274e-02  4.29837e-01  1.02594e+00  4.00789e-02 -5.69397e-02
 3.80890e-01 -5.86564e-02  3.85438e-01  1.02453e+00  3.03426e-02 -5.33209e-02
 6.15014e-01 -4.42411e-02  6.23983e-01  1.01395e+00  7.97747e-02 -3.46585e-02
 5.68236e-01 -4.80524e-02  5.75732e-01  1.00609e+00  5.00677e-02 -1.60202e-02
 5.94147e-01 -8.59519e-02  6.00326e-01  1.01185e+00  7.62104e-02 -3.09349e-02
 7.87651e-01 -2.71885e-02  8.01311e-01  9.97498e-01  1.24889e-01 -1.61762e-02
 7.46544e-01 -3.16530e-02  7.58678e-01  1.00779e+00  9.75880e-02 -2.61049e-02
 7.71897e-01 -6.59512e-02  7.81093e-01  9.94838e-01  8.34947e-02  1.53694e-03
 5.68236e-01 -4.80524e-02  5.75732e-01  1.00609e+00  5.00677e-02 -1.60202e-02
 5.19893e-01 -5.15714e-02  5.26563e-01  1.00606e+00  5.06551e-02 -2.10500e-02
 5.45583e-01 -9.02449e-02  5.50398e-01  1.00725e+00  4.10154e-02 -2.13896e-02
 3.63874e-01 -9.43662e-02  3.65334e-01  1.02646e+00  2.33274e-02 -6.01681e-02
 3.80890e-01 -5.86564e-02  3.85438e-01  1.02453e+00  3.03426e-02 -5.33209e-02
 3.41484e-01 -5.96344e-02  3.43599e-01  1.04505e+00 -1.19539e-02 -1.01554e-01
 6.40458e-01 -8.10587e-02  6.47227e-01  1.00911e+00  5.65949e-02 -2.35455e-02
 6.60285e-01 -4.02070e-02  6.70151e-01  1.01813e+00  7.77279e-02 -4.29123e-02
 6.15014e-01 -4.42411e-02  6.23983e-01  1.01395e+00  7.97747e-02 -3.46585e-02
 4.69928e-01 -5.46831e-02  4.77165e-01  1.02622e+00  5.15144e-02 -5.82355e-02
 4.23623e-01 -5.70274e-02  4.29837e-01  1.02594e+00  4.00789e-02 -5.69397e-02
 4.51350e-01 -9.17611e-02  4.54882e-01  1.04364e+00  1.64515e-02 -9.86457e-02
 7.46544e-01 -3.16530e-02  7.58678e-01  1.00779e+00  9.75880e-02 -2.61049e-02
 7.04108e-01 -3.59978e-02  7.14990e-01  1.01774e+00  8.49729e-02 -4.39573e-02
 7.28457e-01 -7.14557e-02  7.36936e-01  1.00389e+00  9.08442e-02 -1.81706e-02
 9.88565e-01 -2.34694e-02  9.97224e-01  9.26979e-01  6.09724e-02  3.40958e-02
 1.00000e+00  0.00000e+00  1.00736e+00  9.08370e-01 -2.61503e-02  1.07741e-01
 9.79606e-01 -2.97551e-03  9.90104e-01  9.97848e-01  3.16089e-02 -8.39557e-02
 4.97080e-01 -9.11382e-02  5.01967e-01  1.03447e+00  7.62811e-02 -9.07088e-02
 5.19893e-01 -5.15714e-02  5.26563e-01  1.00606e+00  5.06551e-02 -2.10500e-02
 4.69928e-01 -5.46831e-02  4.77165e-01  1.02622e+00  5.15144e-02 -5.82355e-02
 8.27491e-01 -2.26236e-02  8.42308e-01  9.83802e-01  1.63161e-01 -1.36436e-02
 7.87651e-01 -2.71885e-02  8.01311e-01  9.97498e-01  1.24889e-01 -1.61762e-02
 8.14243e-01 -5.84156e-02  8.24332e-01  9.97208e-01  9.38182e-02 -1.35721e-02
 6.84878e-01 -7.60708e-02  6.92519e-01  1.01571e+00  7.40400e-02 -3.81223e-02
 7.04108e-01 -3.59978e-02  7.14990e-01  1.01774e+00  8.49729e-02 -4.39573e-02
 6.60285e-01 -4.02070e-02  6.70151e-01  1.01813e+00  7.77279e-02 -4.29123e-02
 3.24018e-01 -9.20807e-02  3.23993e-01  1.03914e+00  5.85994e-03 -9.29109e-02
 3.41484e-01 -5.96344e-02  3.43599e-01  1.04505e+00 -1.19539e-02 -1.01554e-01
 3.05177e-01 -6.00005e-02  3.05134e-01  1.06165e+00 -3.23465e-02 -1.41948e-01
 8.66124e-01 -1.79794e-02  8.80068e-01  9.99773e-01  1.42980e-01 -5.41498e-02
 8.27491e-01 -2.26236e-02  8.42308e-01  9.83802e-01  1.63161e-01 -1.36436e-02
 8.53639e-01 -4.93351e-02  8.64559e-01  9.91008e-01  1.02932e-01 -2.21752e-02
 9.46029e-01 -2.82992e-02  9.57395e-01  9.38856e-01  9.67003e-02  7.54070e-02
 9.56441e-01 -6.20983e-03  9.68607e-01  9.97032e-01  3.21374e-02 -3.53819e-02
 9.30120e-01 -9.77641e-03  9.44066e-01  9.39403e-01  1.79396e-01  7.62997e-02
 9.79606e-01 -2.97551e-03  9.90104e-01  9.97848e-01  3.16089e-02 -8.39557e-02
 9.56441e-01 -6.20983e-03  9.68607e-01  9.97032e-01  3.21374e-02 -3.53819e-02
 9.67567e-01 -2.09581e-02  9.78511e-01  1.00074e+00  6.91968e-02 -7.69309e-02
 9.76861e-01  3.36434e-03  9.87244e-01  9.58414e-01 -9.31327e-02  6.53955e-02
 1.00000e+00  0.00000e+00  1.00736e+00  9.08370e-01 -2.61503e-02  1.07741e-01
 9.93755e-01  2.00747e-02  1.00077e+00  8.97144e-01 -4.14445e-02  1.80975e-01
 9.18160e-01 -3.39124e-02  9.30005e-01  9.98209e-01  1.60117e-01 -3.80725e-02
 9.30120e-01 -9.77641e-03  9.44066e-01  9.39403e-01  1.79396e-01  7.62997e-02
 9.00190e-01 -1.36969e-02  9.13992e-01  9.99919e-01  1.51795e-01 -2.73905e-02
 9.00190e-01 -1.36969e-02  9.13992e-01  9.99919e-01  1.51795e-01 -2.73905e-02
 8.66124e-01 -1.79794e-02  8.80068e-01  9.99773e-01  1.42980e-01 -5.41498e-02
 8.87968e-01 -4.03163e-02  8.98968e-01  1.04193e+00  7.98058e-02 -1.30900e-01
 2.88231e-01 -8.88723e-02  2.86927e-01  1.05853e+00  4.59588e-03 -1.36804e-01
 3.05177e-01 -6.00005e-02  3.05134e-01  1.06165e+00 -3.23465e-02 -1.41948e-01
 2.71756e-01 -5.98244e-02  2.69776e-01  1.07728e+00 -3.90371e-02 -1.68584e-01
 2.56014e-01 -8.58425e-02  2.53004e-01  1.07085e+00 -3.03568e-02 -1.52224e-01
 2.71756e-01 -5.98244e-02  2.69776e-01  1.07728e+00 -3.90371e-02 -1.68584e-01
 2.41021e-01 -5.91594e-02  2.36840e-01  1.07914e+00 -5.09848e-02 -1.67734e-01
 2.26197e-01 -8.32983e-02  2.21246e-01  1.05837e+00 -5.72106e-02 -1.25647e-01
 2.41021e-01 -5.91594e-02  2.36840e-01  1.07914e+00 -5.09848e-02 -1.67734e-01
 2.12786e-01 -5.80502e-02  2.06211e-01  1.06969e+00 -6.91177e-02 -1.50692e-01
 1.98246e-01 -8.03125e-02  1.91401e-01  1.05203e+00 -5.08799e-02 -1.15986e-01
 2.12786e-01 -5.80502e-02  2.06211e-01  1.06969e+00 -6.91177e-02 -1.50692e-01
 1.86874e-01 -5.65346e-02  1.77944e-01  1.07472e+00 -8.89181e-02 -1.72847e-01
 9.68505e-01  2.61510e-02  9.76602e-01  9.39809e-01 -1.06552e-01  9.76527e-02
 9.50240e-01  7.05930e-03  9.61720e-01  9.62981e-01 -1.19730e-01  5.63370e-02
 9.76861e-01  3.36434e-03  9.87244e-01  9.58414e-01 -9.31327e-02  6.53955e-02
 1.72692e-01 -7.63929e-02  1.64025e-01  1.07479e+00 -5.99577e-02 -1.76693e-01
 1.86874e-01 -5.65346e-02  1.77944e-01  1.07472e+00 -8.89181e-02 -1.72847e-01
 1.63120e-01 -5.46849e-02  1.51936e-01  1.09392e+00 -1.20827e-01 -2.19750e-01
 1.63120e-01 -5.46849e-02  1.51936e-01  1.09392e+00 -1.20827e-01 -2.19750e-01
 1.41372e-01 -5.24878e-02  1.27792e-01  1.09994e+00 -1.48824e-01 -2.33881e-01
 1.49721e-01 -7.22926e-02  1.39038e-01  1.08771e+00 -1.14485e-01 -2.02302e-01
 1.28628e-01 -6.85547e-02  1.15791e-01  1.07732e+00 -1.43810e-01 -1.83308e-01
 1.41372e-01 -5.24878e-02  1.27792e-01  1.09994e+00 -1.48824e-01 -2.33881e-01
 1.21373e-01 -5.00098e-02  1.05339e-01  1.09500e+00 -1.63793e-01 -2.27909e-01
 9.41303e-01  3.67228e-02  9.49616e-01  9.54221e-01 -5.62454e-02  5.98003e-02
 9.19678e-01  1.11619e-02  9.32107e-01  9.55083e-01 -1.11208e-01  7.20562e-02
 9.50240e-01  7.05930e-03  9.61720e-01  9.62981e-01 -1.19730e-01  5.63370e-02
 1.08945e-01 -6.47772e-02  9.40735e-02  1.07934e+00 -1.40772e-01 -1.90643e-01
 1.21373e-01 -5.00098e-02  1.05339e-01  1.09500e+00 -1.63793e-01 -2.27909e-01
 1.02760e-01 -4.71749e-02  8.43001e-02  1.09627e+00 -1.90935e-01 -2.41784e-01
 9.06766e-02 -6.07360e-02  7.36416e-02  1.07988e+00 -1.89076e-01 -2.05082e-01
 1.02760e-01 -4.71749e-02  8.43001e-02  1.09627e+00 -1.90935e-01 -2.41784e-01
 8.54622e-02 -4.40290e-02  6.45071e-02  1.09271e+00 -2.33976e-01 -2.51045e-01
 7.36398e-02 -5.64855e-02  5.44640e-02  1.06313e+00 -2.25649e-01 -1.83842e-01
 8.54622e-02 -4.40290e-02  6.45071e-02  1.09271e+00 -2.33976e-01 -2.51045e-01
 6.94354e-02 -4.04894e-02  4.60157e-02  1.08318e+00 -2.66451e-01 -2.48314e-01
 5.77269e-02 -5.17670e-02  3.65587e-02  1.05926e+00 -2.44210e-01 -1.91082e-01
 6.94354e-02 -4.04894e-02  4.60157e-02  1.08318e+00 -2.66451e-01 -2.48314e-01
 5.46334e-02 -3.65510e-02  2.87466e-02  1.06706e+00 -3.15584e-01 -2.42706e-01
 4.29243e-02 -4.65523e-02  1.96738e-02  1.02304e+00 -3.13751e-01 -1.50493e-01
 5.46334e-02 -3.65510e-02  2.87466e-02  1.06706e+00 -3.15584e-01 -2.42706e-01
 4.10377e-02 -3.21484e-02  1.26642e-02  1.02038e+00 -3.80563e-01 -1.91100e-01
 9.07678e-01  4.12076e-02  9.17424e-01  9.52941e-01 -8.38320e-02  6.87124e-02
 8.84650e-01  1.56723e-02  8.98190e-01  9.80397e-01 -1.47882e-01  9.52125e-03
 9.19678e-01  1.11619e-02  9.32107e-01  9.55083e-01 -1.11208e-01  7.20562e-02
 2.91875e-02 -4.06315e-02  4.05567e-03  9.57790e-01 -3.53214e-01 -4.77467e-02
 4.10377e-02 -3.21484e-02  1.26642e-02  1.02038e+00 -3.80563e-01 -1.91100e-01
 2.86604e-02 -2.71971e-02 -2.01596e-03  9.43226e-01 -4.40494e-01 -9.79705e-02
 2.86604e-02 -2.71971e-02 -2.01596e-03  9.43226e-01 -4.40494e-01 -9.79705e-02
 1.75821e-02 -2.15507e-02 -1.50582e-02  8.19752e-01 -5.14021e-01  3.55152e-02
 1.68945e-02 -3.34653e-02 -9.98129e-03  8.91521e-01 -3.82858e-01  3.87201e-02
 8.73364e-01  5.02867e-02  8.83123e-01  9.75351e-01 -9.70020e-02  1.34869e-02
 8.44569e-01  2.05977e-02  8.59256e-01  9.85115e-01 -1.47283e-01 -7.57327e-03
 8.84650e-01  1.56723e-02  8.98190e-01  9.80397e-01 -1.47882e-01  9.52125e-03
 6.53503e-03 -2.51238e-02 -2.19347e-02  7.60020e-01 -4.27495e-01  2.13739e-01
 1.75821e-02 -2.15507e-02 -1.50582e-02  8.19752e-01 -5.14021e-01  3.55152e-02
 8.23457e-03 -1.46864e-02 -2.59617e-02  5.94469e-01 -5.40680e-01  3.14345e-01
-1.64006e-03 -1.58038e-02 -3.10944e-02  5.61763e-01 -3.63167e-01  5.16091e-01
 8.23457e-03 -1.46864e-02 -2.59617e-02  5.94469e-01 -5.40680e-01  3.14345e-01
 1.74304e-03 -6.03339e-03 -3.33202e-02  3.08392e-01 -3.60119e-01  7.19615e-01
 8.31340e-01  6.39343e-02  8.41129e-01  9.64931e-01 -1.22000e-01  3.55165e-02
 8.01760e-01  2.55987e-02  8.16028e-01  9.96889e-01 -1.37580e-01 -1.88320e-02
 8.44569e-01  2.05977e-02  8.59256e-01  9.85115e-01 -1.47283e-01 -7.57327e-03
 1.74304e-03 -6.03339e-03 -3.33202e-02  3.08392e-01 -3.60119e-01  7.19615e-01
 9.01154e-04  4.02245e-03 -3.46902e-02  2.99899e-01  1.56994e-01  7.71134e-01
-7.38136e-03 -5.39927e-03 -3.66039e-02  4.10373e-01 -1.23156e-01  7.51972e-01
 7.84783e-01  6.53657e-02  7.94476e-01  9.96088e-01 -6.98476e-02 -1.57453e-02
 7.57956e-01  3.04384e-02  7.70896e-01  1.01005e+00 -9.43418e-02 -3.86039e-02
 8.01760e-01  2.55987e-02  8.16028e-01  9.96889e-01 -1.37580e-01 -1.88320e-02
-3.82829e-03  1.59432e-02 -3.23037e-02  5.65179e-01  3.15073e-01  5.34969e-01
 9.01154e-04  4.02245e-03 -3.46902e-02  2.99899e-01  1.56994e-01  7.71134e-01
 6.57416e-03  1.30010e-02 -2.75890e-02  5.64407e-01  5.15606e-01  3.71466e-01
 4.73562e-01  5.44794e-02  4.80257e-01  1.01743e+00 -5.08274e-02 -3.89296e-02
 5.23655e-01  5.12987e-02  5.30731e-01  1.01149e+00 -5.79154e-02 -2.70521e-02
 5.01027e-01  9.41266e-02  5.05466e-01  1.01199e+00 -5.11653e-02 -2.77032e-02
 3.76263e-02  3.08706e-02  9.06790e-03  9.96148e-01  3.81630e-01 -1.57682e-01
 5.04645e-02  3.52864e-02  2.41103e-02  1.03703e+00  3.32690e-01 -1.88945e-01
 4.07571e-02  4.43593e-02  1.67494e-02  1.00315e+00  2.82615e-01 -1.05549e-01
 2.75111e-02  3.87664e-02  1.76606e-03  9.63552e-01  3.55695e-01 -8.01727e-02
 2.58645e-02  2.58991e-02 -4.89075e-03  9.25006e-01  4.74419e-01 -1.06840e-01
 3.76263e-02  3.08706e-02  9.06790e-03  9.96148e-01  3.81630e-01 -1.57682e-01
 4.27235e-01  5.68680e-02  4.32472e-01  1.02958e+00 -3.20020e-02 -6.27345e-02
 4.73562e-01  5.44794e-02  4.80257e-01  1.01743e+00 -5.08274e-02 -3.89296e-02
 4.52656e-01  9.48449e-02  4.56149e-01  1.02267e+00 -4.66745e-02 -5.04517e-02
 5.04645e-02  3.52864e-02  2.41103e-02  1.03703e+00  3.32690e-01 -1.88945e-01
 6.43524e-02  3.92262e-02  4.01922e-02  1.07055e+00  2.86140e-01 -2.29918e-01
 5.46470e-02  4.87147e-02  3.21968e-02  1.04049e+00  3.00714e-01 -1.79501e-01
 1.55514e-02  3.22048e-02 -1.16776e-02  8.74616e-01  4.08687e-01  4.44403e-02
 1.53221e-02  2.01458e-02 -1.73291e-02  7.89652e-01  5.34476e-01  5.81546e-02
 2.58645e-02  2.58991e-02 -4.89075e-03  9.25006e-01  4.74419e-01 -1.06840e-01
 6.43524e-02  3.92262e-02  4.01922e-02  1.07055e+00  2.86140e-01 -2.29918e-01
 7.92964e-02  4.27439e-02  5.72507e-02  1.07660e+00  2.35098e-01 -2.21802e-01
 6.88017e-02  5.29460e-02  4.83874e-02  1.07668e+00  2.09432e-01 -2.21934e-01
 2.20335e-01  5.83891e-02  2.14046e-01  1.07292e+00  7.38316e-02 -1.70129e-01
 2.47851e-01  5.93595e-02  2.43657e-01  1.06137e+00  5.56405e-02 -1.35872e-01
 2.32513e-01  8.31843e-02  2.27884e-01  1.05227e+00  2.64568e-02 -1.20981e-01
 6.57416e-03  1.30010e-02 -2.75890e-02  5.64407e-01  5.15606e-01  3.71466e-01
 1.53221e-02  2.01458e-02 -1.73291e-02  7.89652e-01  5.34476e-01  5.81546e-02
 5.06738e-03  2.46508e-02 -2.32267e-02  7.39432e-01  4.09483e-01  2.55972e-01
 5.23655e-01  5.12987e-02  5.30731e-01  1.01149e+00 -5.79154e-02 -2.70521e-02
 5.72623e-01  4.76927e-02  5.81107e-01  1.01257e+00 -7.76297e-02 -3.32768e-02
 5.50905e-01  9.14669e-02  5.56281e-01  1.01197e+00 -5.01781e-02 -2.81612e-02
 3.84848e-01  5.85395e-02  3.88238e-01  1.03745e+00 -9.15084e-03 -7.87356e-02
 4.27235e-01  5.68680e-02  4.32472e-01  1.02958e+00 -3.20020e-02 -6.27345e-02
 4.07548e-01  9.41388e-02  4.09948e-01  1.02937e+00 -2.76892e-02 -6.25066e-02
 7.92964e-02  4.27439e-02  5.72507e-02  1.07660e+00  2.35098e-01 -2.21802e-01
 9.53228e-02  4.58860e-02  7.54616e-02  1.08398e+00  2.19208e-01 -2.24468e-01
 8.41637e-02  5.74804e-02  6.55813e-02  1.05745e+00  2.18683e-01 -1.73654e-01
 2.47851e-01  5.93595e-02  2.43657e-01  1.06137e+00  5.56405e-02 -1.35872e-01
 2.77811e-01  5.98950e-02  2.75706e-01  1.06055e+00  3.82154e-02 -1.28878e-01
 2.61991e-01  8.58778e-02  2.58989e-01  1.04724e+00  2.68322e-02 -1.01053e-01
 3.46030e-01  5.95451e-02  3.47615e-01  1.04272e+00  3.59707e-03 -9.25710e-02
 3.84848e-01  5.85395e-02  3.88238e-01  1.03745e+00 -9.15084e-03 -7.87356e-02
 3.66005e-01  9.26000e-02  3.67155e-01  1.02858e+00 -1.59401e-02 -6.19043e-02
 1.95049e-01  5.70809e-02  1.86590e-01  1.08916e+00  1.02185e-01 -2.05855e-01
 2.20335e-01  5.83891e-02  2.14046e-01  1.07292e+00  7.38316e-02 -1.70129e-01
 2.05521e-01  7.97890e-02  1.99219e-01  1.07739e+00  4.34599e-02 -1.80937e-01
 3.10449e-01  5.99926e-02  3.10288e-01  1.05416e+00  1.79811e-02 -1.16655e-01
 3.46030e-01  5.95451e-02  3.47615e-01  1.04272e+00  3.59707e-03 -9.25710e-02
 3.28101e-01  9.04368e-02  3.28122e-01  1.03803e+00 -1.97370e-02 -8.63742e-02
 2.77811e-01  5.98950e-02  2.75706e-01  1.06055e+00  3.82154e-02 -1.28878e-01
 3.10449e-01  5.99926e-02  3.10288e-01  1.05416e+00  1.79811e-02 -1.16655e-01
 2.93691e-01  8.81052e-02  2.92309e-01  1.04895e+00  1.00697e-02 -1.04322e-01
 9.53228e-02  4.58860e-02  7.54616e-02  1.08398e+00  2.19208e-01 -2.24468e-01
 1.12467e-01  4.87334e-02  9.50390e-02  1.10295e+00  1.73340e-01 -2.47406e-01
 1.00999e-01  6.15062e-02  8.46732e-02  1.09094e+00  1.76856e-01 -2.22363e-01
 7.40534e-01  7.10635e-02  7.49996e-01  9.90848e-01 -1.01391e-01 -1.54607e-03
 7.13152e-01  3.50841e-02  7.25495e-01  1.00595e+00 -1.21630e-01 -2.90425e-02
 7.57956e-01  3.04384e-02  7.70896e-01  1.01005e+00 -9.43418e-02 -3.86039e-02
 1.71810e-01  5.54089e-02  1.61108e-01  1.09219e+00  1.18093e-01 -2.11507e-01
 1.95049e-01  5.70809e-02  1.86590e-01  1.08916e+00  1.02185e-01 -2.05855e-01
 1.80989e-01  7.62772e-02  1.72669e-01  1.08153e+00  8.92221e-02 -1.84585e-01
 1.50440e-01  5.34791e-02  1.37546e-01  1.09315e+00  1.30488e-01 -2.16089e-01
 1.71810e-01  5.54089e-02  1.61108e-01  1.09219e+00  1.18093e-01 -2.11507e-01
 1.58500e-01  7.27911e-02  1.48269e-01  1.07845e+00  9.11826e-02 -1.75893e-01
 1.12467e-01  4.87334e-02  9.50390e-02  1.10295e+00  1.73340e-01 -2.47406e-01
 1.30798e-01  5.12329e-02  1.15642e-01  1.09829e+00  1.51208e-01 -2.31710e-01
 1.18831e-01  6.52604e-02  1.04600e-01  1.08997e+00  1.37572e-01 -2.09783e-01
 1.37866e-01  6.90555e-02  1.25641e-01  1.08178e+00  1.19276e-01 -1.87993e-01
 1.30798e-01  5.12329e-02  1.15642e-01  1.09829e+00  1.51208e-01 -2.31710e-01
 1.50440e-01  5.34791e-02  1.37546e-01  1.09315e+00  1.30488e-01 -2.16089e-01
 5.72623e-01  4.76927e-02  5.81107e-01  1.01257e+00 -7.76297e-02 -3.32768e-02
 6.20507e-01  4.37399e-02  6.30374e-01  1.01394e+00 -9.62482e-02 -4.04143e-02
 6.00249e-01  8.70887e-02  6.06572e-01  1.01198e+00 -6.29120e-02 -3.08473e-02
 6.48247e-01  8.16775e-02  6.55508e-01  1.01063e+00 -7.33795e-02 -2.99094e-02
 6.20507e-01  4.37399e-02  6.30374e-01  1.01394e+00 -9.62482e-02 -4.04143e-02
 6.67342e-01  3.95269e-02  6.78360e-01  1.01675e+00 -1.01651e-01 -4.73668e-02
 6.67342e-01  3.95269e-02  6.78360e-01  1.01675e+00 -1.01651e-01 -4.73668e-02
 7.13152e-01  3.50841e-02  7.25495e-01  1.00595e+00 -1.21630e-01 -2.90425e-02
 6.94777e-01  7.60376e-02  7.02861e-01  1.01822e+00 -7.19335e-02 -4.53415e-02

 