 4.07037e-01 -9.43367e-02  3.73284e-01  9.97501e-01  7.09327e-02 -3.12624e-03
 4.23623e-01 -5.70274e-02  3.93796e-01  1.01530e+00  5.35026e-02 -3.51315e-02
 3.80890e-01 -5.86564e-02  3.49826e-01  1.01297e+00  4.27077e-02 -3.16833e-02
 6.15014e-01 -4.42411e-02  5.87098e-01  1.01203e+00  9.45989e-02 -3.31984e-02
 5.68236e-01 -4.80524e-02  5.38897e-01  1.00298e+00  6.38986e-02 -1.17677e-02
 5.94147e-01 -8.59519e-02  5.62678e-01  1.00804e+00  1.16446e-01 -3.21962e-02
 7.87651e-01 -2.71885e-02  7.65078e-01  1.00671e+00  1.37111e-01 -3.56966e-02
 7.46544e-01 -3.16530e-02  7.22084e-01  1.01342e+00  1.10450e-01 -4.10695e-02
 7.71897e-01 -6.59512e-02  7.43971e-01  9.99037e-01  1.21766e-01 -1.40541e-02
 5.68236e-01 -4.80524e-02  5.38897e-01  1.00298e+00  6.38986e-02 -1.17677e-02
 5.19893e-01 -5.15714e-02  4.89906e-01  1.00168e+00  6.61778e-02 -1.64070e-02
 5.45583e-01 -9.02449e-02  5.12797e-01  1.00155e+00  7.85211e-02 -1.47654e-02
 3.63874e-01 -9.43662e-02  3.29327e-01  1.01344e+00  5.75850e-02 -3.79537e-02
 3.80890e-01 -5.86564e-02  3.49826e-01  1.01297e+00  4.27077e-02 -3.16833e-02
 3.41484e-01 -5.96344e-02  3.08527e-01  1.03089e+00  4.02118e-05 -7.43855e-02
 6.40458e-01 -8.10587e-02  6.09578e-01  1.00471e+00  9.59560e-02 -1.95879e-02
 6.60285e-01 -4.02070e-02  6.33264e-01  1.01786e+00  9.11249e-02 -4.46235e-02
 6.15014e-01 -4.42411e-02  5.87098e-01  1.01203e+00  9.45989e-02 -3.31984e-02
 4.69928e-01 -5.46831e-02  4.40738e-01  1.01886e+00  6.35203e-02 -4.49408e-02
 4.23623e-01 -5.70274e-02  3.93796e-01  1.01530e+00  5.35026e-02 -3.51315e-02
 4.51350e-01 -9.17611e-02  4.17987e-01  1.03216e+00  5.23183e-02 -7.50666e-02
 7.46544e-01 -3.16530e-02  7.22084e-01  1.01342e+00  1.10450e-01 -4.10695e-02
 7.04108e-01 -3.59978e-02  6.78191e-01  1.02053e+00  9.77152e-02 -5.31477e-02
 7.28457e-01 -7.14557e-02  6.99508e-01  1.00605e+00  1.29399e-01 -3.28768e-02
 9.88565e-01 -2.34694e-02  9.71122e-01  1.07818e+00  1.71152e-01 -3.19405e-01
 1.00000e+00  0.00000e+00  9.91434e-01  8.99273e-01  1.78695e-01 -2.50366e-02
 9.79606e-01 -2.97551e-03  9.63622e-01  1.16515e+00  5.53078e-02 -4.83021e-01
 4.97080e-01 -9.11382e-02  4.64686e-01  1.02777e+00  1.13043e-01 -8.58852e-02
 5.19893e-01 -5.15714e-02  4.89906e-01  1.00168e+00  6.61778e-02 -1.64070e-02
 4.69928e-01 -5.46831e-02  4.40738e-01  1.01886e+00  6.35203e-02 -4.49408e-02
 8.27491e-01 -2.26236e-02  8.06679e-01  9.99265e-01  1.75891e-01 -4.41812e-02
 7.87651e-01 -2.71885e-02  7.65078e-01  1.00671e+00  1.37111e-01 -3.56966e-02
 8.14243e-01 -5.84156e-02  7.87790e-01  1.00638e+00  1.29838e-01 -3.71308e-02
 6.84878e-01 -7.60708e-02  6.54918e-01  1.01452e+00  1.10237e-01 -4.27122e-02
 7.04108e-01 -3.59978e-02  6.78191e-01  1.02053e+00  9.77152e-02 -5.31477e-02
 6.60285e-01 -4.02070e-02  6.33264e-01  1.01786e+00  9.11249e-02 -4.46235e-02
 3.24018e-01 -9.20807e-02  2.88699e-01  1.02313e+00  3.82114e-02 -6.28930e-02
 3.41484e-01 -5.96344e-02  3.08527e-01  1.03089e+00  4.02118e-05 -7.43855e-02
 3.05177e-01 -6.00005e-02  2.70687e-01  1.04390e+00 -2.03941e-02 -1.06110e-01
 8.66124e-01 -1.79794e-02  8.45344e-01  1.02684e+00  1.56183e-01 -1.08944e-01
 8.27491e-01 -2.26236e-02  8.06679e-01  9.99265e-01  1.75891e-01 -4.41812e-02
 8.53639e-01 -4.93351e-02  8.28923e-01  1.00860e+00  1.37264e-01 -6.24504e-02
 9.46029e-01 -2.82992e-02  9.26389e-01  1.01539e+00  1.46744e-01 -8.51064e-02
 9.56441e-01 -6.20983e-03  9.39180e-01  1.10268e+00  5.31079e-02 -2.61168e-01
 9.30120e-01 -9.77641e-03  9.12378e-01  1.00583e+00  2.03351e-01 -6.19535e-02
 9.79606e-01 -2.97551e-03  9.63622e-01  1.16515e+00  5.53078e-02 -4.83021e-01
 9.56441e-01 -6.20983e-03  9.39180e-01  1.10268e+00  5.31079e-02 -2.61168e-01
 9.67567e-01 -2.09581e-02  9.49914e-01  1.11923e+00  1.26219e-01 -3.46305e-01
 9.18160e-01 -3.39124e-02  8.97014e-01  1.05186e+00  1.99130e-01 -1.65069e-01
 9.30120e-01 -9.77641e-03  9.12378e-01  1.00583e+00  2.03351e-01 -6.19535e-02
 9.00190e-01 -1.36969e-02  8.80529e-01  1.04551e+00  1.65647e-01 -1.24152e-01
 9.00190e-01 -1.36969e-02  8.80529e-01  1.04551e+00  1.65647e-01 -1.24152e-01
 8.66124e-01 -1.79794e-02  8.45344e-01  1.02684e+00  1.56183e-01 -1.08944e-01
 8.87968e-01 -4.03163e-02  8.64501e-01  1.07514e+00  1.11581e-01 -2.06177e-01
 2.88231e-01 -8.88723e-02  2.52388e-01  1.03907e+00  3.37181e-02 -9.81605e-02
 3.05177e-01 -6.00005e-02  2.70687e-01  1.04390e+00 -2.03941e-02 -1.06110e-01
 2.71756e-01 -5.98244e-02  2.36016e-01  1.05468e+00 -2.80386e-02 -1.20683e-01
 2.56014e-01 -8.58425e-02  2.19255e-01  1.04586e+00 -3.05467e-03 -9.81952e-02
 2.71756e-01 -5.98244e-02  2.36016e-01  1.05468e+00 -2.80386e-02 -1.20683e-01
 2.41021e-01 -5.91594e-02  2.03863e-01  1.05093e+00 -4.00622e-02 -1.06956e-01
 2.26197e-01 -8.32983e-02  1.88378e-01  1.02856e+00 -2.80189e-02 -6.02677e-02
 2.41021e-01 -5.91594e-02  2.03863e-01  1.05093e+00 -4.00622e-02 -1.06956e-01
 2.12786e-01 -5.80502e-02  1.74125e-01  1.03614e+00 -5.75108e-02 -7.93392e-02
 1.98246e-01 -8.03125e-02  1.59520e-01  1.01752e+00 -2.34628e-02 -4.36085e-02
 2.12786e-01 -5.80502e-02  1.74125e-01  1.03614e+00 -5.75108e-02 -7.93392e-02
 1.86874e-01 -5.65346e-02  1.46853e-01  1.03446e+00 -7.72897e-02 -8.73287e-02
 1.72692e-01 -7.63929e-02  1.33248e-01  1.03194e+00 -3.48095e-02 -8.43160e-02
 1.86874e-01 -5.65346e-02  1.46853e-01  1.03446e+00 -7.72897e-02 -8.73287e-02
 1.63120e-01 -5.46849e-02  1.21946e-01  1.04392e+00 -1.08188e-01 -1.10770e-01
 1.63120e-01 -5.46849e-02  1.21946e-01  1.04392e+00 -1.08188e-01 -1.10770e-01
 1.41372e-01 -5.24878e-02  9.90361e-02  1.03890e+00 -1.33815e-01 -9.98760e-02
 1.49721e-01 -7.22926e-02  1.09462e-01  1.03410e+00 -8.71084e-02 -8.28273e-02
 1.28628e-01 -6.85547e-02  8.75457e-02  1.01416e+00 -1.11553e-01 -4.30604e-02
 1.41372e-01 -5.24878e-02  9.90361e-02  1.03890e+00 -1.33815e-01 -9.98760e-02
 1.21373e-01 -5.00098e-02  7.79572e-02  1.02265e+00 -1.46247e-01 -7.04749e-02
 1.08945e-01 -6.47772e-02  6.72909e-02  1.00521e+00 -1.07308e-01 -2.94198e-02
 1.21373e-01 -5.00098e-02  7.79572e-02  1.02265e+00 -1.46247e-01 -7.04749e-02
 1.02760e-01 -4.71749e-02  5.84496e-02  1.01028e+00 -1.70186e-01 -5.44786e-02
 9.06766e-02 -6.07360e-02  4.84910e-02  9.91494e-01 -1.50332e-01 -9.77388e-03
 1.02760e-01 -4.71749e-02  5.84496e-02  1.01028e+00 -1.70186e-01 -5.44786e-02
 8.54622e-02 -4.40290e-02  4.03728e-02  9.90699e-01 -2.06111e-01 -2.75353e-02
 7.36398e-02 -5.64855e-02  3.11362e-02  9.60424e-01 -1.76684e-01  4.25707e-02
 8.54622e-02 -4.40290e-02  4.03728e-02  9.90699e-01 -2.06111e-01 -2.75353e-02
 6.94354e-02 -4.04894e-02  2.37969e-02  9.62405e-01 -2.29362e-01  1.57284e-02
 5.77269e-02 -5.17670e-02  1.52630e-02  9.37889e-01 -1.85901e-01  7.55203e-02
 6.94354e-02 -4.04894e-02  2.37969e-02  9.62405e-01 -2.29362e-01  1.57284e-02
 5.46334e-02 -3.65510e-02  8.67554e-03  9.23083e-01 -2.65172e-01  7.20331e-02
 4.29243e-02 -4.65523e-02  6.80108e-04  8.81016e-01 -2.36031e-01  1.62291e-01
 5.46334e-02 -3.65510e-02  8.67554e-03  9.23083e-01 -2.65172e-01  7.20331e-02
 4.10377e-02 -3.21484e-02 -4.96744e-03  8.51572e-01 -3.06727e-01  1.74225e-01
 2.91875e-02 -4.06315e-02 -1.22989e-02  7.97982e-01 -2.45832e-01  2.95707e-01
 4.10377e-02 -3.21484e-02 -4.96744e-03  8.51572e-01 -3.06727e-01  1.74225e-01
 2.86604e-02 -2.71971e-02 -1.68598e-02  7.47371e-01 -3.32304e-01  3.15013e-01
 2.86604e-02 -2.71971e-02 -1.68598e-02  7.47371e-01 -3.32304e-01  3.15013e-01
 1.75821e-02 -2.15507e-02 -2.66676e-02  5.94913e-01 -3.47811e-01  4.96330e-01
 1.68945e-02 -3.34653e-02 -2.33087e-02  7.06975e-01 -2.39210e-01  4.23216e-01
 6.53503e-03 -2.51238e-02 -3.17699e-02  5.61586e-01 -2.14146e-01  6.12433e-01
 1.75821e-02 -2.15507e-02 -2.66676e-02  5.94913e-01 -3.47811e-01  4.96330e-01
 8.23457e-03 -1.46864e-02 -3.37167e-02  3.64382e-01 -2.75750e-01  7.48582e-01
-1.64006e-03 -1.58038e-02 -3.69589e-02  3.90845e-01 -5.49714e-02  7.98133e-01
 8.23457e-03 -1.46864e-02 -3.37167e-02  3.64382e-01 -2.75750e-01  7.48582e-01
 1.74304e-03 -6.03339e-03 -3.64759e-02  1.55314e-01  2.84979e-02  9.14034e-01
 1.74304e-03 -6.03339e-03 -3.64759e-02  1.55314e-01  2.84979e-02  9.14034e-01
-7.38136e-03 -5.39927e-03 -3.81003e-02  3.38161e-01  2.46070e-01  7.54861e-01