 1.00000e+00  0.00000e+00  9.91434e-01  8.99273e-01  1.78695e-01 -2.50366e-02
 9.76861e-01  3.36434e-03  9.83868e-01  7.72941e-01 -3.81439e-02  3.96378e-01
 1.00000e+00  0.00000e+00  9.91434e-01  8.99273e-01  1.78695e-01 -2.50366e-02
 9.93755e-01  2.00747e-02  9.95300e-01  7.09140e-01  1.10868e-01  4.43604e-01
 9.68505e-01  2.61510e-02  9.75802e-01  8.09018e-01 -3.24775e-02  3.38284e-01
 9.50240e-01  7.05930e-03  9.62536e-01  8.39495e-01 -8.81164e-02  2.85218e-01
 9.76861e-01  3.36434e-03  9.83868e-01  7.72941e-01 -3.81439e-02  3.96378e-01
 9.41303e-01  3.67228e-02  9.52559e-01  8.63922e-01  1.64355e-04  2.25481e-01
 9.19678e-01  1.11619e-02  9.36174e-01  8.67069e-01 -8.27515e-02  2.35919e-01
 9.50240e-01  7.05930e-03  9.62536e-01  8.39495e-01 -8.81164e-02  2.85218e-01
 9.07678e-01  4.12076e-02  9.23313e-01  8.81180e-01 -3.52492e-02  2.04489e-01
 8.84650e-01  1.56723e-02  9.05031e-01  9.14022e-01 -1.25663e-01  1.40194e-01
 9.19678e-01  1.11619e-02  9.36174e-01  8.67069e-01 -8.27515e-02  2.35919e-01
 8.73364e-01  5.02867e-02  8.91610e-01  9.20694e-01 -5.73336e-02  1.23181e-01
 8.44569e-01  2.05977e-02  8.68414e-01  9.36530e-01 -1.23805e-01  8.99761e-02
 8.84650e-01  1.56723e-02  9.05031e-01  9.14022e-01 -1.25663e-01  1.40194e-01
 8.31340e-01  6.39343e-02  8.52063e-01  9.24335e-01 -7.11211e-02  1.23948e-01
 8.01760e-01  2.55987e-02  8.27260e-01  9.55020e-01 -1.17782e-01  6.68807e-02
 8.44569e-01  2.05977e-02  8.68414e-01  9.36530e-01 -1.23805e-01  8.99761e-02
 9.01154e-04  4.02245e-03 -3.20629e-02  3.64846e-01  5.41193e-01  4.50729e-01
 7.84783e-01  6.53657e-02  8.07296e-01  9.60766e-01 -3.03680e-02  5.64381e-02
 7.57956e-01  3.04384e-02  7.83877e-01  9.74656e-01 -7.47433e-02  3.32346e-02
 8.01760e-01  2.55987e-02  8.27260e-01  9.55020e-01 -1.17782e-01  6.68807e-02
-3.82829e-03  1.59432e-02 -2.57349e-02  7.06627e-01  6.07942e-01  9.27622e-02
 9.01154e-04  4.02245e-03 -3.20629e-02  3.64846e-01  5.41193e-01  4.50729e-01
 6.57416e-03  1.30010e-02 -1.96874e-02  7.70524e-01  7.74165e-01 -2.33472e-01
 4.73562e-01  5.44794e-02  5.02025e-01  9.92738e-01 -3.57765e-02  1.27338e-02
 5.23655e-01  5.12987e-02  5.51212e-01  9.85450e-01 -4.20717e-02  2.57590e-02
 5.01027e-01  9.41266e-02  5.27455e-01  9.88176e-01 -8.73151e-03  2.22100e-02
 3.76263e-02  3.08706e-02  2.58323e-02  1.14039e+00  4.44981e-01 -5.16654e-01
 5.04645e-02  3.52864e-02  4.28210e-02  1.15377e+00  3.76947e-01 -4.75303e-01
 4.07571e-02  4.43593e-02  3.47628e-02  1.11817e+00  3.50533e-01 -3.91886e-01
 2.75111e-02  3.87664e-02  1.76171e-02  1.10356e+00  4.52587e-01 -4.47084e-01
 2.58645e-02  2.58991e-02  9.50393e-03  1.10125e+00  5.75247e-01 -5.66908e-01
 3.76263e-02  3.08706e-02  2.58323e-02  1.14039e+00  4.44981e-01 -5.16654e-01
 4.27235e-01  5.68680e-02  4.55345e-01  1.00695e+00 -1.84886e-02 -1.49834e-02
 4.73562e-01  5.44794e-02  5.02025e-01  9.92738e-01 -3.57765e-02  1.27338e-02
 4.52656e-01  9.48449e-02  4.79263e-01  1.00003e+00 -7.31034e-03 -1.99595e-03
 5.04645e-02  3.52864e-02  4.28210e-02  1.15377e+00  3.76947e-01 -4.75303e-01
 6.43524e-02  3.92262e-02  6.05288e-02  1.16555e+00  3.15778e-01 -4.59300e-01
 5.46470e-02  4.87147e-02  5.19295e-02  1.13671e+00  3.55676e-01 -4.26831e-01
 1.55514e-02  3.22048e-02  1.58755e-03  1.03646e+00  5.50917e-01 -3.99868e-01
 1.53221e-02  2.01458e-02 -5.83243e-03  9.94871e-01  6.96314e-01 -5.02734e-01
 2.58645e-02  2.58991e-02  9.50393e-03  1.10125e+00  5.75247e-01 -5.66908e-01
 6.43524e-02  3.92262e-02  6.05288e-02  1.16555e+00  3.15778e-01 -4.59300e-01
 7.92964e-02  4.27439e-02  7.89458e-02  1.15098e+00  2.57380e-01 -3.96946e-01
 6.88017e-02  5.29460e-02  6.95609e-02  1.15542e+00  2.48066e-01 -4.15279e-01
 2.20335e-01  5.83891e-02  2.39792e-01  1.07138e+00  8.18913e-02 -1.65559e-01
 2.47851e-01  5.93595e-02  2.69322e-01  1.05501e+00  6.41780e-02 -1.21439e-01
 2.32513e-01  8.31843e-02  2.53925e-01  1.04740e+00  5.20601e-02 -1.10583e-01
 6.57416e-03  1.30010e-02 -1.96874e-02  7.70524e-01  7.74165e-01 -2.33472e-01
 1.53221e-02  2.01458e-02 -5.83243e-03  9.94871e-01  6.96314e-01 -5.02734e-01
 5.06738e-03  2.46508e-02 -1.30455e-02  9.10154e-01  6.18721e-01 -2.37141e-01
 5.23655e-01  5.12987e-02  5.51212e-01  9.85450e-01 -4.20717e-02  2.57590e-02
 5.72623e-01  4.76927e-02  6.00196e-01  9.85261e-01 -6.11413e-02  2.19320e-02
 5.50905e-01  9.14669e-02  5.76948e-01  9.87334e-01 -7.69816e-03  2.18662e-02
 3.84848e-01  5.85395e-02  4.12015e-01  1.01756e+00  3.11904e-03 -3.65772e-02
 4.27235e-01  5.68680e-02  4.55345e-01  1.00695e+00 -1.84886e-02 -1.49834e-02
 4.07548e-01  9.41388e-02  4.33970e-01  1.00939e+00  8.53084e-03 -2.08962e-02
 7.92964e-02  4.27439e-02  7.89458e-02  1.15098e+00  2.57380e-01 -3.96946e-01
 9.53228e-02  4.58860e-02  9.82960e-02  1.14230e+00  2.36547e-01 -3.61960e-01
 8.41637e-02  5.74804e-02  8.79829e-02  1.11789e+00  2.54763e-01 -3.23149e-01
 2.47851e-01  5.93595e-02  2.69322e-01  1.05501e+00  6.41780e-02 -1.21439e-01
 2.77811e-01  5.98950e-02  3.01137e-01  1.05003e+00  4.68582e-02 -1.06171e-01
 2.61991e-01  8.58778e-02  2.84915e-01  1.03854e+00  5.46520e-02 -8.45071e-02
 3.46030e-01  5.95451e-02  3.72104e-01  1.02550e+00  1.48159e-02 -5.50874e-02
 3.84848e-01  5.85395e-02  4.12015e-01  1.01756e+00  3.11904e-03 -3.65772e-02
 3.66005e-01  9.26000e-02  3.91883e-01  1.01107e+00  1.84036e-02 -2.55827e-02
 1.95049e-01  5.70809e-02  2.12263e-01  1.09396e+00  1.10179e-01 -2.16513e-01
 2.20335e-01  5.83891e-02  2.39792e-01  1.07138e+00  8.18913e-02 -1.65559e-01
 2.05521e-01  7.97890e-02  2.25207e-01  1.07779e+00  6.68451e-02 -1.82576e-01
 3.10449e-01  5.99926e-02  3.35326e-01  1.03987e+00  2.74499e-02 -8.53461e-02
 3.46030e-01  5.95451e-02  3.72104e-01  1.02550e+00  1.48159e-02 -5.50874e-02
 3.28101e-01  9.04368e-02  3.53387e-01  1.02232e+00  1.18591e-02 -5.16026e-02
 2.77811e-01  5.98950e-02  3.01137e-01  1.05003e+00  4.68582e-02 -1.06171e-01
 3.10449e-01  5.99926e-02  3.35326e-01  1.03987e+00  2.74499e-02 -8.53461e-02
 2.93691e-01  8.81052e-02  3.17976e-01  1.03659e+00  3.78072e-02 -7.91864e-02
 9.53228e-02  4.58860e-02  9.82960e-02  1.14230e+00  2.36547e-01 -3.61960e-01
 1.12467e-01  4.87334e-02  1.18814e-01  1.14845e+00  1.86196e-01 -3.54061e-01
 1.00999e-01  6.15062e-02  1.08137e-01  1.13961e+00  2.05506e-01 -3.42116e-01
 7.40534e-01  7.10635e-02  7.64513e-01  9.59668e-01 -6.07805e-02  6.61521e-02
 7.13152e-01  3.50841e-02  7.40098e-01  9.73630e-01 -1.02995e-01  3.81417e-02
 7.57956e-01  3.04384e-02  7.83877e-01  9.74656e-01 -7.47433e-02  3.32346e-02
 1.71810e-01  5.54089e-02  1.86558e-01  1.10464e+00  1.27047e-01 -2.40049e-01
 1.95049e-01  5.70809e-02  2.12263e-01  1.09396e+00  1.10179e-01 -2.16513e-01
 1.80989e-01  7.62772e-02  1.98470e-01  1.08908e+00  1.11286e-01 -2.05171e-01
 1.50440e-01  5.34791e-02  1.62615e-01  1.11477e+00  1.40247e-01 -2.65566e-01
 1.71810e-01  5.54089e-02  1.86558e-01  1.10464e+00  1.27047e-01 -2.40049e-01
 1.58500e-01  7.27911e-02  1.73731e-01  1.09330e+00  1.14562e-01 -2.12323e-01
 1.12467e-01  4.87334e-02  1.18814e-01  1.14845e+00  1.86196e-01 -3.54061e-01
 1.30798e-01  5.12329e-02  1.40158e-01  1.13115e+00  1.62128e-01 -3.07643e-01
 1.18831e-01  6.52604e-02  1.28905e-01  1.12635e+00  1.64243e-01 -2.97787e-01
 1.37866e-01  6.90555e-02  1.50622e-01  1.10681e+00  1.42479e-01 -2.48499e-01
 1.30798e-01  5.12329e-02  1.40158e-01  1.13115e+00  1.62128e-01 -3.07643e-01
 1.50440e-01  5.34791e-02  1.62615e-01  1.11477e+00  1.40247e-01 -2.65566e-01
 5.72623e-01  4.76927e-02  6.00196e-01  9.85261e-01 -6.11413e-02  2.19320e-02
 6.20507e-01  4.37399e-02  6.48009e-01  9.85268e-01 -7.88482e-02  1.82182e-02
 6.00249e-01  8.70887e-02  6.25776e-01  9.86112e-01 -2.09622e-02  2.26754e-02
 6.48247e-01  8.16775e-02  6.73178e-01  9.83382e-01 -3.17634e-02  2.74043e-02
 6.20507e-01  4.37399e-02  6.48009e-01  9.85268e-01 -7.88482e-02  1.82182e-02
 6.67342e-01  3.95269e-02  6.94500e-01  9.86574e-01 -8.34472e-02  1.49344e-02
 6.67342e-01  3.95269e-02  6.94500e-01  9.86574e-01 -8.34472e-02  1.49344e-02
 7.13152e-01  3.50841e-02  7.40098e-01  9.73630e-01 -1.02995e-01  3.81417e-02
 6.94777e-01  7.60376e-02  7.18960e-01  9.89676e-01 -3.06237e-02  1.45367e-02
